0.50 0.04 0.03 0.16 0.10 0.02 0.04 0.03 0.03 0.05 0.00 0.00 
0.57 0.07 0.02 0.09 0.11 0.01 0.05 0.02 0.01 0.02 0.00 0.03 
0.63 0.04 0.03 0.11 0.10 0.02 0.01 0.00 0.00 0.06 0.00 0.00 
0.46 0.05 0.01 0.30 0.06 0.02 0.01 0.01 0.03 0.05 0.00 0.00 
0.56 0.02 0.02 0.19 0.08 0.02 0.02 0.01 0.03 0.05 0.00 0.00 
0.30 0.03 0.02 0.28 0.15 0.06 0.02 0.01 0.02 0.09 0.01 0.01 
0.51 0.06 0.02 0.10 0.11 0.01 0.04 0.01 0.01 0.11 0.01 0.01 
0.44 0.11 0.03 0.07 0.15 0.02 0.04 0.01 0.03 0.10 0.00 0.00 
0.52 0.06 0.01 0.10 0.15 0.01 0.01 0.01 0.00 0.11 0.00 0.02 
0.71 0.00 0.00 0.02 0.05 0.00 0.02 0.01 0.02 0.16 0.00 0.01 
1.00 0.00 0.00 0.00 0.00 0.00 0.00 0.00 0.00 0.00 0.00 0.00 
0.62 0.00 0.00 0.03 0.03 0.00 0.06 0.00 0.00 0.03 0.06 0.17 
